0.28

0 -0.5 2 3 -2.07079 -1.57079 3.14159
1 2.5 1 3 3.14159 -1.57079 3.14159
2 -2.5 9 3 3.14159 -1.57079 3.14159
3 -1.5 12 3.3 3.14159 -1.57079 3.14159
4 1 12.8 3 3.14159 -1.57079 3.14159
5 -2.5 5.5 3 3.14159 -1.57079 3.14159
6 6 12.8 3 3.14159079 -1.57079 3.14159
7 0 12 2.7 3.14159 -1.57079 3.14159
8 12.1 10.4 3 3.14159 -1.57079 3.14159
9 11.5 12.5 3 3.14159 -1.57079 3.14159
10 12.1 5.6 3 3.14159 -1.57079 3.14159
11 10 12.2 2.7 3.14159 -1.57079 3.14159
12 3 12 2.7 3.14159 -1.57079 3.14159
13 12.1 8 3 3.14159 -1.57079 3.14159
14 12.2 3.2 3 3.14159 -1.57079 3.14159
15 -1.3 2 2.5 3.14159 -1.57079 3.14159
16 11.5 1.2 3 3.14159 -1.57079 3.14159
17 1 0 2.3 3.14159 -1.57079 3.14159
18 -2.5 2.5 3 3.14159 -1.57079 3.14159
19 7 12 3.5 3.14159 -1.57079 3.14159
20 8.5 12.8 3 3.14159 -1.57079 3.14159
21 -3.5 11 3 3.14159 -1.57079 3.14159
22 4.5 12 3.3 3.14159 -1.57079 3.14159
23 1.2 1 2.5 3.14159 -1.57079 3.14159
