0.28

0 1 4 3 -1.57079 -1.57079 3.14159
1 4 2 3 3.14159 -1.57079 3.14159
2 -6 2 3 3.14159 -1.57079 3.14159
3 -6 9 3 3.14159 -1.57079 3.14159
4 -5 6 1.5 -1.57079 -1.57079 3.14159
5 -2.5 6 3 3.14159 -1.57079 3.14159
6 -5 10 3 1.57079 -1.57079 3.14159
7 0 9 1.5 3.14159 -1.57079 3.14159
8 10 9 3 3.14159 -1.57079 3.14159
9 9 10 3 1.57079 -1.57079 3.14159
10 9.5 5 1.8 -1.57079 -1.57079 3.14159
11 8.5 1 1.7 1.57079 -1.57079 3.14159
12 3 9 1.5 3.14159 -1.57079 3.14159
13 12 7 3 3.14159 -1.57079 3.14159
14 12 3 3 3.14159 -1.57079 3.14159
15 -1 2 2 3.14159 -1.57079 3.14159
16 12 -1 3 3.14159 -1.57079 3.14159
23 2 2 0 0 0 0
